{
	"Etot"      : -11.2285,
	"lattice"   : "square",
	"zc"        : 4,
	"pbc"       : 1,
	"Nx"        : 4,
	"Ny"        : 4,
	"Nz"        : 1,
	"Jz"        : 1,
	"Jpm"       : -1,
	"nmax"      : 1,
	"nmin"      : 0,
	"Ekin"      : -7.48566,
	"Epot"      : -3.74283,
	"dd"        : [0.25,-0.116963,0.0712551,-0.116963,-0.116963,0.0712551,-0.0673881,0.0712551,0.0712551,-0.0673881,0.0598751,-0.0673881,-0.116963,0.0712551,-0.0673881,0.0712551],
	"dm"        : [1,0.467853,0.28502,0.467853,0.467853,0.28502,0.269552,0.28502,0.28502,0.269552,0.239501,0.269552,0.467853,0.28502,0.269552,0.28502]
}