{
	"Etot"      : -10.3208,
	"lattice"   : "square",
	"zc"        : 4,
	"pbc"       : 1,
	"Nx"        : 4,
	"Ny"        : 4,
	"Nz"        : 1,
	"Jz"        : 0.7,
	"Jpm"       : -1,
	"nmax"      : 1,
	"nmin"      : 0,
	"Ekin"      : -8.58059,
	"Epot"      : -1.74018,
	"dd"        : [0.25,-0.0776864,0.0226842,-0.0776864,-0.0776864,0.0226842,-0.0219409,0.0226842,0.0226842,-0.0219409,0.012404,-0.0219409,-0.0776864,0.0226842,-0.0219409,0.0226842],
	"dm"        : [1,0.536287,0.392197,0.536287,0.536287,0.392197,0.373749,0.392197,0.392197,0.373749,0.353751,0.373749,0.536287,0.392197,0.373749,0.392197]
}